 -0.0004219	       101
    0.05148	       100
      0.103	       100
     0.1546	      99.7
     0.2061	      99.7
     0.2578	      99.5
     0.2838	      99.2
     0.3357	      98.6
     0.3871	      98.6
      0.439	      98.1
     0.4648	      98.1
     0.5163	      98.1
     0.5677	      98.1
     0.6196	      97.5
     0.6715	        97
     0.7234	      96.4
     0.7753	      95.9
      0.827	      95.6
     0.8787	      95.4
     0.9047	      95.1
     0.9566	      94.5
      1.008	      94.3
      1.034	      94.3
      1.086	        94
      1.137	      93.7
      1.189	      93.4
      1.215	      93.4
      1.266	      93.2
      1.318	      92.9
      1.395	      92.9
      1.447	      92.6
      1.499	      92.3
       1.55	      92.1
      1.576	      91.8
      1.628	      91.5
      1.654	      91.5
      1.731	      91.5
      1.757	      91.5
      1.808	      91.5
      1.885	      91.5
      1.937	      91.3
      1.963	      91.3
      2.118	      90.2
       2.17	      89.9
      2.196	      89.9
      2.247	      89.9
      2.325	      89.6
      2.376	      89.3
      2.402	      89.3
       2.48	      88.8
      2.506	      88.5
      2.557	      88.5
      2.608	      88.5
      2.634	      88.5
      2.686	      88.5
      2.711	      88.5
      2.737	      88.5
      2.789	      88.5
      2.841	        88
      2.892	      87.4
      2.918	      87.4
       2.97	      87.4
      3.021	      87.4
      3.047	      87.4
      3.073	      87.4
      3.124	      87.4
       3.15	      87.4
      3.176	      87.4
      3.227	      87.2
      3.305	      86.6
      3.357	      86.3
      3.408	      86.1
       3.46	      86.1
      3.511	      86.1
      3.563	      85.5
      3.641	      85.2
      3.666	      85.2
      3.692	      85.2
      3.744	      85.2
      3.795	      85.2
      3.872	        85
       3.95	        85
      4.002	      84.2
      4.079	      83.6
      4.105	      83.6
      4.131	      83.6
      4.182	      83.6
      4.234	      83.6
      4.286	      83.1
      4.337	      82.8
      4.363	      82.8
      4.389	      82.8
       4.44	      82.8
      4.492	      82.2
      4.518	        82
      4.596	      81.7
      4.647	      81.7
      4.673	      81.7
      4.724	      81.7
      4.802	      81.1
      4.828	      80.9
       4.88	      80.6
      4.906	      80.1
      4.958	      79.2
      4.984	      78.7
      5.036	      78.4
      5.061	      78.4
      5.087	      78.4
      5.139	      78.4
      5.216	      77.9
      5.268	      77.3
       5.32	      77.3
      5.371	      77.3
      5.423	      77.3
      5.448	      77.3
        5.5	      77.3
      5.526	      77.3
      5.577	      77.3
      5.629	        77
       5.68	      76.8
      5.707	      76.2
      5.759	      75.7
       5.81	      75.4
      5.862	      75.4
      5.887	      75.4
      5.939	      75.4
      5.991	      74.6
      6.043	      74.3
      6.068	      74.3
       6.12	        74
      6.172	      73.8
      6.223	      73.8
      6.275	      73.8
      6.301	      73.8
      6.326	      73.8
      6.378	      73.5
       6.43	      73.2
      6.455	      73.2
      6.481	      73.2
      6.533	      73.2
      6.559	        73
      6.636	      72.7
      6.688	      72.1
      6.766	      71.6
      6.791	      71.6
      6.843	        71
      6.895	      70.8
      6.946	      70.8
      6.972	      70.8
      7.024	      70.8
      7.075	      70.5
      7.127	      70.5
      7.205	      69.7
      7.257	      68.9
      7.308	      68.9
      7.334	      68.9
      7.385	      68.9
      7.411	      68.9
      7.463	      68.9
      7.488	      68.9
       7.54	      68.9
      7.592	        68
      7.618	      67.8
       7.67	      67.2
      7.696	      66.9
      7.773	      66.4
      7.825	      66.1
      7.876	      66.1
      7.954	      66.1
      8.005	      66.1
      8.031	      66.1
      8.057	      66.1
      8.108	      66.1
       8.16	      66.1
      8.237	      65.6
      8.315	      64.8
      8.341	      64.8
      8.367	      64.8
      8.418	      64.8
      8.444	      64.8
      8.495	      64.8
      8.547	      64.8
      8.572	      64.8
      8.624	      64.8
       8.65	      64.8
      8.701	      64.8
      8.727	      64.5
      8.753	      64.2
      8.805	      63.9
      8.856	      63.9
      8.908	      63.9
      8.959	      63.9
      8.985	      63.9
      9.036	      63.9
      9.088	      63.7
       9.14	      63.7
      9.165	      63.7
      9.217	      63.7
      9.243	      63.7
      9.294	      63.7
      9.346	      63.7
      9.397	      63.7
      9.448	      63.7
      9.526	      63.4
      9.552	      63.4
      9.577	      63.4
      9.629	      63.1
      9.706	      62.8
      9.732	      62.8
       9.81	      62.3
      9.888	      61.5
      9.913	      61.5
      9.965	      61.5
      10.02	      61.5
      10.07	      61.2
      10.09	      61.2
      10.15	      61.2
       10.2	      60.9
      10.27	      60.7
      10.33	      60.7
      10.38	      60.7
      10.43	      60.7
      10.51	      60.7
      10.56	      60.7
      10.64	      60.1
      10.69	      59.6
      10.74	      59.6
      10.76	      59.6
      10.79	      59.6
      10.82	      59.6
      10.84	      59.6
      10.87	      59.6
      10.92	      59.6
      10.97	      59.3
      11.05	      58.5
       11.1	      58.5
      11.15	      58.5
       11.2	      58.5
      11.25	      58.5
      11.31	      58.5
      11.33	      58.5
      11.38	      58.5
      11.41	      58.5
      11.46	      58.5
      11.51	      58.5
      11.54	      58.5
      11.59	      58.5
      11.61	      58.5
      11.67	      58.5
      11.72	      57.9
      11.77	      57.9
       11.8	      57.9
      11.85	      57.9
       11.9	      57.9
      11.95	      57.9
         12	      57.9
      12.03	      57.9
      12.05	      57.9
       12.1	      57.4
      12.13	      57.4
      12.16	      57.4
      12.21	      57.4
      12.26	      57.4
      12.31	      57.4
      12.39	      57.1
      12.44	      57.1
      12.46	      57.1
      12.54	      56.6
      12.59	      56.3
      12.62	      56.3
      12.65	      56.3
       12.7	      56.3
      12.72	      56.3
      12.75	      56.3
       12.8	      56.3
      12.83	        56
      12.85	      55.7
       12.9	      55.5
      12.96	      55.2
      12.98	      55.2
      13.03	      55.2
      13.08	      55.2
      13.11	      55.2
      13.16	      55.2
      13.21	      55.2
      13.24	      54.9
      13.29	      54.6
      13.34	      54.6
      13.37	      54.6
      13.42	      54.4
      13.47	      53.8
      13.52	      53.8
      13.57	      53.8
       13.6	      53.8
      13.65	      53.8
      13.68	      53.6
      13.75	      53.3
      13.81	      53.3
      13.83	      53.3
      13.88	      53.3
      13.94	      53.3
      13.99	        53
      14.06	      52.7
      14.09	      52.7
      14.14	      52.7
      14.22	      52.2
      14.24	      51.9
       14.3	      51.9
      14.35	      51.9
      14.37	      51.9
      14.43	      51.9
      14.48	      51.9
      14.53	      51.9
      14.58	      51.9
      14.61	      51.9
      14.63	      51.9
      14.68	      51.9
      14.73	      51.9
      14.79	      51.9
      14.81	      51.9
      14.86	      51.9
      14.89	      51.6
      14.94	      51.1
      14.99	      51.1
      15.04	      51.1
      15.07	      51.1
      15.12	      51.1
      15.17	      51.1
      15.22	      51.1
      15.28	      51.1
      15.33	      51.1
      15.38	      51.1
      15.43	      51.1
      15.48	      51.1
      15.51	      51.1
      15.58	      50.5
      15.64	        50
      15.69	      49.5
      15.74	      49.5
      15.79	      49.5
      15.84	      49.5
      15.87	      49.5
      15.95	      48.9
         16	      48.6
      16.13	      48.1
      16.18	      48.1
      16.23	      47.5
      16.26	      47.5
      16.31	      47.3
      16.36	      47.3
      16.38	      47.3
      16.44	      47.3
      16.46	      47.3
      16.54	      46.7
      16.62	      46.4
      16.64	      46.4
      16.72	      46.4
       16.8	      46.4
      16.87	      46.4
      16.93	      46.4
      16.98	      46.4
         17	      46.4
      17.05	      46.4
      17.08	      46.2
      17.16	      45.9
      17.18	      45.9
      17.24	      45.9
      17.26	      45.9
      17.34	      45.6
      17.39	      45.6
      17.42	      45.6
      17.49	      45.1
      17.55	      44.5
      17.57	      44.5
      17.62	      44.5
      17.65	      44.5
      17.67	      44.5
      17.73	      44.5
      17.75	      44.5
       17.8	      44.5
      17.85	      44.5
      17.91	        44
      17.96	      43.4
      17.98	      43.2
      18.04	      42.9
      18.09	      42.9
      18.14	      42.9
      18.16	      42.9
      18.22	      42.9
      18.24	      42.6
      18.29	      42.3
      18.34	      42.3
       18.4	      42.1
      18.45	      42.1
       18.5	      42.1
      18.55	      41.5
      18.58	      41.3
      18.63	      41.3
      18.65	      41.3
      18.71	      41.3
      18.73	        41
      18.78	      40.7
      18.84	      40.7
      18.86	      40.7
      18.91	      40.7
      18.96	      40.7
      18.99	      40.7
      19.02	      40.7
      19.07	      40.7
      19.09	      40.7
      19.12	      40.7
      19.14	      40.7
      19.17	      40.7
       19.2	      40.7
      19.27	      40.7
      19.32	      40.7
      19.38	      40.7
       19.4	      40.7
      19.43	      40.7
      19.45	      40.7
      19.48	      40.7
      19.53	      40.7
      19.58	      40.4
      19.63	      40.2
      19.66	      40.2
      19.68	      40.2
      19.74	      39.9
      19.79	      39.9
      19.87	      39.9
      19.94	      39.9
      19.97	      39.9
      19.99	      39.9
      20.05	      39.6
       20.1	      39.3
      20.15	      39.1
       20.2	      38.8
      20.23	      38.8
      20.25	      38.8
      20.33	      38.8
      20.38	      38.5
      20.43	      38.3
      20.48	        38
      20.51	        38
      20.54	        38
      20.56	        38
      20.59	        38
      20.64	        38
      20.69	      38.3
      20.74	        38
      20.79	      37.7
      20.85	      37.4
       20.9	      37.2
      20.95	      36.9
         21	      36.6
      21.05	      36.3
      21.08	      36.3
      21.13	      36.3
      21.18	      36.3
      21.21	      36.3
      21.26	      36.1
      21.31	      35.8
      21.34	      35.8
      21.36	      35.8
      21.39	      35.8
      21.41	      35.8
      21.49	      35.8
      21.52	      35.8
      21.57	      35.5
      21.62	      35.2
      21.64	      35.2
      21.67	      35.2
       21.7	      35.2
      21.72	      35.2
      21.75	      35.2
       21.8	      35.2
      21.85	      35.2
       21.9	      35.2
      21.93	      35.2
      21.98	      35.2
      22.01	        35
      22.06	      34.7
      22.08	      34.4
      22.13	      34.2
      22.19	      33.6
      22.21	      33.6
      22.24	      33.6
      22.26	      33.6
      22.29	      33.6
      22.34	      33.6
      22.37	      33.3
      22.42	      33.1
      22.47	      32.5
      22.52	      32.5
      22.55	      32.5
      22.57	      32.5
      22.63	      32.5
       22.7	      32.5
      22.75	      32.5
      22.78	      32.5
      22.81	      32.5
      22.86	      32.5
      22.88	      32.5
      22.91	      32.5
      22.96	      32.5
      23.01	      32.5
      23.04	      32.8
      23.09	      33.1
      23.14	      32.8
      23.19	      32.5
      23.27	        32
      23.29	      31.7
      23.35	      31.4
      23.37	      31.4
      23.42	      31.1
      23.45	      31.1
      23.48	      31.1
      23.53	      31.1
      23.58	      31.1
      23.68	      30.9
      23.73	      30.6
      23.78	      30.3
      23.84	      30.1
      23.89	      29.8
      23.97	        29
      24.02	      28.7
      24.04	      28.7
      24.12	      28.7
       24.2	      28.7
      24.25	      28.4
       24.3	      28.1
      24.33	      28.1
      24.38	      28.1
       24.4	      28.1
      24.48	      28.1
      24.56	      28.1
      24.64	      28.1
      24.69	      28.1
      24.74	      28.1
      24.79	      28.1
      24.84	      28.1
      24.92	      28.1
      24.97	      28.1
      25.05	      28.1
      25.13	      28.1
      25.18	      28.1
      25.23	      28.1
      25.28	      28.1
      25.31	      28.1
      25.38	      28.1
      25.46	      28.1
      25.51	      28.1
      25.59	      28.1
      25.64	      28.1
      25.72	      28.1
      25.77	      28.1
      25.82	      28.1
      25.85	      28.1
       25.9	      28.1
      25.97	      28.1
         26	      28.1
      26.03	      28.1
      26.08	      28.1
       26.1	      28.1
      26.15	      28.1
      26.21	      28.1
      26.23	      28.1
      26.28	      28.1
      26.31	      28.1
      26.36	      28.1
      26.39	      28.1
      26.44	      28.1
      26.49	      28.1
      26.54	      28.1
      26.59	      28.1
      26.62	      28.1
      26.64	      28.1
       26.7	      28.1
      26.75	      28.1
      26.77	      28.1
      26.82	      28.1
      26.85	      28.1
       26.9	      28.1
      26.93	      28.1
      26.98	      28.4
      27.06	      28.4
      27.13	      28.4
